1.716785675858824023e-01,-6.024348370832538491e-02
-3.644802653002265913e-05,7.064113942074465857e-01
-7.601775657563611954e-01,-8.778507777552287950e-01
-1.170853065800936843e+00,4.471939970864461378e-01
-1.439384220480385945e+00,6.273560409359566492e-01
-1.564952285300426293e+00,1.009039624498843324e+00
-3.086364292681006427e-01,8.778140942243675693e-02
-1.512637611829671380e+00,1.221925237946410725e+00
-1.419492857682179032e+00,-9.261256934423717224e-01
6.376244256974979985e-01,1.733797727326471083e+00
-1.233236374190974649e+00,-6.502431854382331178e-01
-7.968385444138187390e-01,1.129274753922016705e+00
-2.503568911429528976e-01,1.553748677958395330e+00
-1.307595294180064149e+00,2.478685676678413774e-01
-7.589576264224567881e-01,-1.251024442412272286e+00
-1.737709540572196953e+00,1.008646563832350296e+00
-2.309124734435831217e-01,-2.637543746549377288e-01
2.082650330513639014e-01,-1.498424273570539533e+00
-2.337756283839074190e+00,-1.040241961101861623e+00
-1.525796396650225928e+00,-4.759791840003632091e-01
-9.740426717488586128e-01,-4.207461826650981118e-01
3.183908397775473409e-01,-1.540903070840216493e+00
-1.964667334107391472e+00,5.497003059804298486e-01
-2.594935737799937581e+00,1.662906419425193238e+00
-2.169374832295480893e+00,-3.575536407224252367e-01
-1.921403396522529672e+00,-6.357398115528063443e-01
-8.724937671440821108e-01,7.000021433053844611e-01
-1.843584581488241447e+00,1.441662295540043548e+00
-1.060968480895160937e+00,-6.975389284519694089e-01
-1.863155624460778981e+00,2.108315023011246292e-01
-7.435126130541398481e-01,2.057411014416768713e-01
-2.616886634358583485e+00,-8.520173248962524815e-01
-3.683183532902153390e-01,9.283977661368882917e-01
4.556420442202890886e-02,-1.239998058245862289e+00
-2.822545535164478814e+00,5.582857789803681303e-01
-1.313134370030570208e+00,-4.970254252766886927e-01
1.053250326527171765e+00,-3.585218591015283396e-01
-2.309039046509204773e-01,-1.114799786267754556e+00
-4.007838991834872244e-01,-9.123305398492292939e-01
-2.912357647530540161e-01,8.790826189514692190e-01
-2.548044764556152586e+00,1.097166674279745679e+00
-2.025348356546943229e-01,6.204254234098052212e-01
-8.724852450798470382e-01,2.204761876361377160e-01
-1.560183059768750047e+00,-1.007258646380866818e+00
-2.687309240715932024e+00,5.613565099200702457e-01
8.952161919844040527e-01,-1.847107973559102834e-01
8.505788468477745168e-01,1.952099868442785380e-01
-1.057380700702384990e+00,1.961501468006635607e-01
-1.166371345874875676e+00,-2.294958982409704973e+00
-2.686008440738723912e+00,-9.440684540142983971e-01
-3.954672709028647315e+00,2.255098309519273370e-01
-1.230245902035869587e+00,-2.579838821985863673e-01
-8.489294338289878894e-01,2.144064808524554500e-01
-6.639892590366935909e-01,-5.602216249119729152e-01
-2.277749042127912293e+00,2.873319963785174735e-01
-1.405072334921181998e+00,-9.937910121161085408e-01
-1.346819227654388662e+00,-1.078830488033596602e+00
6.048137034454735828e-01,8.855832113296526753e-01
-2.939438469185628122e+00,5.739124082306953922e-02
-2.521973259530375433e+00,2.238906521295203067e+00
-2.378356579931045101e+00,-9.049794318267582183e-01
-1.220070104292441115e+00,-1.236874345635226469e+00
-3.235245847250178830e-02,1.727949668505991965e-01
-8.675952921774832127e-02,9.518856726632699550e-01
-2.479077616060931355e+00,-1.001693423978873732e+00
3.149053514212957205e-01,1.144468178894955113e+00
-2.198611365618776237e+00,3.492738543792653361e-02
-2.488942395242147665e+00,3.000766836196780418e-01
-2.343015798786141080e-01,6.218689886756740837e-01
-2.396400155830287648e+00,-4.485673701975071426e-01
-2.017309313140658311e-01,-2.459283635357784048e-01
1.093435932968803925e+00,-1.511051293694052888e-01
-1.597986606660956266e+00,9.553761988730568033e-01
-7.884400431544551502e-01,-1.562663778393061365e-01
1.317296705735913953e+00,2.698300017233262738e-02
-5.150578666205721801e-01,4.621797914441534982e-01
-1.301188282095850024e+00,-9.555490470635218392e-01
7.222667531429433074e-01,-5.299582172426888782e-01
1.123294146809595828e-01,-3.732520042689174700e-02
-9.902558982698719259e-01,-3.510054555941076737e-01
-2.282950472857827595e-01,-1.417246343359889860e+00
9.619050284562343789e-01,-1.255243559506520779e+00
-8.511087796250593751e-01,1.141553417474051368e+00
-2.996545952100288179e+00,1.126519658789534584e-01
-6.803077711896960977e-01,-1.492707408872115948e+00
-7.589664255323129716e-01,-4.927291824341657467e-01
-1.107558418691338753e+00,2.182466202567154845e+00
-4.583594304570101086e-01,1.758471500555773004e-01
-1.397173570818411648e+00,-1.166310383946735474e+00
-1.495787126346546980e+00,-2.386756719019686446e-02
-5.589770145557835246e-01,-9.018503782191705787e-01
2.555506502124637036e-01,-3.809212561404345943e-02
-1.685775434712784904e+00,-3.991825682721075186e-01
-2.443620659595494571e-01,6.280598053279745629e-01
7.946363505290049423e-01,7.052669316527098164e-01
1.891697479703818852e-01,2.269904785063268093e+00
-1.437279254191781819e+00,8.413654800677465850e-01
-1.156138789429259850e+00,1.209456896064233788e+00
-1.581340279826628503e+00,1.768359277132270702e+00
-3.769336963885591141e-01,-7.148378646676346593e-01
-3.893339656173837593e-01,-2.448718628385088136e-01
-8.795814620084450031e-01,1.500539379457211719e+00
4.062445764307908158e-01,-1.543198594520009070e+00
-6.929798147504374617e-01,-1.468928804632990692e-01
-4.539881021533480610e-01,-1.821103309346826515e-01
-5.042649375600771755e-01,-1.237570109423149933e+00
-5.736507100012532279e-01,-6.360878399325025079e-01
-5.578999531401115375e-01,3.267518780973374670e-02
2.597248522188430053e-01,1.855728863550372143e+00
-1.643294949903675750e+00,3.657419701292381475e+00
-5.899186157058418090e-01,5.194379057895159857e-01
-1.292704295546436288e+00,-1.232463035866630197e+00
-1.606229420318993739e+00,8.219715689220856436e-02
-2.839780698583638241e-02,-7.911700908298731072e-01
-2.075914424593457319e+00,-4.915619673892021591e-02
-1.576471074134463191e+00,-7.906193419692416624e-01
-8.931273005522766262e-01,-4.105668170106495651e-01
1.441982180048365647e-01,1.119245851613317466e+00
-3.250514229664027255e+00,-1.559780849201098940e-01
-1.145382637653818092e+00,1.408773143177973974e+00
-1.608211139706062331e+00,-8.274725507653285517e-02
1.661002035362283413e-01,1.352161526888132848e+00
-2.791727296179846718e-01,-1.091712257801245478e+00
5.409505328999176799e-01,1.222923516393101262e-02
-1.357504602593698095e+00,6.525417634747482376e-01
4.740642257600123921e-01,4.336994406885111841e-01
-1.019023905575000777e+00,1.023725582718207683e+00
1.318012233777831277e+00,-7.474098902456975946e-01
-8.695346564355826979e-01,2.731624585924525839e+00
-5.777588195524059334e-01,-1.692641834506515064e+00
2.960947968871331382e-01,-2.533957109935114915e-01
-2.251675273903245067e+00,8.276937210085177909e-01
-1.279792906070088998e+00,-2.100973687841177218e-01
-1.517997661790086328e+00,1.015316954479547729e+00
-9.561653317032176025e-01,1.709728681167320907e+00
-6.117460843040267715e-01,-2.884396093558261320e-01
6.097550804357398935e-02,1.291068539379933267e+00
-3.114267608885479710e+00,9.513968842150206662e-01
-1.266538105100462941e+00,6.726039640845856704e-01
-5.133565467749974243e-01,2.901194500178982949e+00
1.037728881752099319e+00,9.395959710530190634e-01
-1.571065821725480482e+00,-6.212322717637311920e-01
-1.158254099322293396e+00,6.992400547893515839e-01
-1.248135399215017483e+00,-6.638694691847933926e-01
5.779576219113405910e-01,-9.004963118152490287e-01
-2.233147368120010912e-01,-1.007247416654929673e+00
-8.049867568227192516e-01,-6.835382887857126555e-01
-8.637487787111973736e-01,-7.659757827682814879e-01
-2.862471883919166959e+00,3.745352803001065767e-01
-1.529849515252970971e+00,1.395575830406121653e-01
2.192033288984217787e+00,3.526396070410496630e+00
6.220147613712302403e-01,1.205088783768081040e+00
8.631659712779146121e-01,-1.439510756638922584e-01
-4.826067461735336628e-01,-8.856335242541178987e-01
-4.044231750347274668e-01,2.787174014206373895e-01
-5.975683865958865137e-01,1.526923310540206913e+00
6.904339536369065167e-01,-1.208151787626892126e-01
-8.578046057924343382e-01,1.739921655638651199e+00
-1.089246411774996925e+00,1.195590110034455034e+00
-9.368545415149642785e-02,2.808423433865908092e-01
-2.305935330917991966e+00,4.305771980680707656e-01
2.153042251422495612e-01,-2.726500174588155079e-01
-2.118029946270148400e+00,4.406871776937458796e-01
-6.306644205797453662e-01,6.011583809982182225e-02
-1.507002429793234732e+00,-3.926967796468835425e-01
-1.910604432879186465e+00,5.906089724227461257e-01
-2.337265090575061599e+00,-1.519390500304505842e+00
-8.227586386163705523e-01,2.324679281642026307e+00
1.739976374888801747e+00,-1.780671495265314874e+00
-4.415443159864560485e-01,7.353657329122051944e-01
-1.761270390045188705e-02,1.445918687076515052e+00
-1.201487798745753066e+00,-6.007748763391640434e-02
-9.713200955693640504e-01,6.724809350983365075e-01
-2.938324787220824241e+00,-3.722921054946125574e-01
-2.144593057158423743e+00,1.710167785125677464e-01
-6.502855523633033208e-01,-1.743036966339957528e-01
-1.208818280728507499e-01,-5.440474672100231723e-02
5.091758622895813380e-01,-2.071988241971821632e-01
-6.561509426609508644e-01,-4.620883009948681952e-01
-1.000479986276811228e+00,1.185134202150419869e+00
-1.110953793991430238e+00,2.136214512562537027e-02
-1.909291445054877023e-01,1.284008460028525533e+00
-1.386440498898397156e+00,7.286364896811902137e-01
-3.112671894962963481e+00,4.552692422463525679e-01
-2.252415220471996271e+00,1.121292666109755753e+00
-2.912770091906809355e+00,2.164078934171278779e-01
-2.195048774322975405e+00,3.803295098690042675e-01
-1.553621134185192876e+00,2.937310517588137770e+00
-8.564032556277200170e-01,-8.730536020079667781e-01
-3.783035370744350923e-01,-8.692750841085788993e-01
-2.497787730698064035e+00,5.214750581079241609e-01
-2.964978177781939284e+00,3.593293365171794651e-01
-1.160251234496503692e+00,1.370431712013370440e+00
-1.424765221034419049e+00,9.311464535730168413e-01
-1.136205689812254560e+00,1.061369094405225783e-01
-1.317114073500847082e+00,5.556317353067327658e-02
-8.885808100104120033e-01,3.819113447926504312e-01
-3.030029157581857646e+00,9.759786309935419846e-01
-1.214341796557256714e+00,-9.922188745975063506e-01
-1.179154525238957252e+00,-6.624802364665086651e-01
