2.496714153011232895e+00,1.861735698828815400e+00
2.647688538100692490e+00,3.523029856408025573e+00
1.765846625276664028e+00,1.765863043050819536e+00
3.579212815507391454e+00,2.767434729152908890e+00
1.530525614065047835e+00,2.542560043585964547e+00
1.536582307187537744e+00,1.534270246429743079e+00
2.241962271566034115e+00,8.671975534220210946e-02
2.750821674869672329e-01,1.437712470759027195e+00
9.871688796655762044e-01,2.314247332595273932e+00
1.091975924478789217e+00,5.876962986647085163e-01
3.465648768921553824e+00,1.774223699513464370e+00
2.067528204687923754e+00,5.752518137865432202e-01
1.455617275474817340e+00,2.110922589709866237e+00
8.490064225776972062e-01,2.375698018345671958e+00
1.399361310081195020e+00,1.708306250206723220e+00
1.398293387770602969e+00,3.852278184508937997e+00
1.986502775262066089e+00,9.422890710440996465e-01
2.822544912103189141e+00,7.791563500289777622e-01
2.208863595004755265e+00,4.032987612022442825e-02
6.718139511015694953e-01,2.196861235869123519e+00
2.738466579995410655e+00,2.171368281189970606e+00
1.884351717611759458e+00,1.698896304410711267e+00
5.214780096325726255e-01,1.280155791605291249e+00
1.539361229040212553e+00,3.057122226218915717e+00
2.343618289568461410e+00,2.369598446372660483e-01
2.324083969394795002e+00,1.614917719583683464e+00
1.323077999694041385e+00,2.611676288840867777e+00
3.030999522495950949e+00,2.931280119116198790e+00
1.160782476777361349e+00,1.690787624148785362e+00
2.331263431403563846e+00,2.975545127122359190e+00
1.520825762154710104e+00,1.814341023336182968e+00
8.936650259939717955e-01,8.037933759193292005e-01
2.812525822394198016e+00,3.356240028570822709e+00
1.927989878419666070e+00,3.003532897892024156e+00
2.361636025047634035e+00,1.354880245394875615e+00
2.361395605508413986e+00,3.538036566465969202e+00
1.964173960890048365e+00,3.564643655814005996e+00
-6.197451040897443697e-01,2.821902504375223941e+00
2.087047068238171210e+00,1.700992649534132539e+00
2.091760776535502409e+00,1.243108539910720012e-02
1.780328112162488097e+00,2.357112571511746246e+00
3.477894044741516311e+00,1.481729781726352613e+00
1.191506397106812276e+00,1.498242956415463567e+00
2.915402117702074136e+00,2.328751109659684460e+00
1.470239796232961194e+00,2.513267433113356208e+00
2.097077549348040471e+00,2.968644990532889327e+00
1.297946906122647626e+00,1.672337853402231733e+00
1.607891846867842478e+00,5.364850518678814240e-01
2.296120277064575887e+00,2.261055272179889108e+00
2.005113456642460878e+00,1.765412866624853194e+00
5.846292579495857566e-01,1.579354677234640958e+00
1.657285483473230459e+00,1.197722730778381095e+00
1.838714288333990865e+00,2.404050856814538228e+00
3.886185901210530425e+00,2.174577812831838930e+00
2.257550390722764533e+00,1.925554084233832786e+00
8.122878470095851178e-02,1.973486124550783094e+00
2.060230209941026569e+00,4.463242112485286128e+00
1.807639035218877588e+00,2.301547342333612356e+00
1.965288230294756744e+00,8.313219623804679603e-01
3.142822814515020546e+00,2.751933032686774361e+00
2.791031947043046912e+00,1.090612545205261075e+00
3.402794310936099187e+00,5.981489372077191113e-01
2.586857093800270402e+00,4.190455625809978102e+00
1.009463674869311767e+00,1.433702270397227974e+00
2.099651365087641164e+00,1.496524345883800677e+00
4.493365689338673086e-01,2.068562974806027466e+00
9.376962862738951188e-01,2.473592430635181749e+00
1.080575765766196739e+00,3.549934405017539429e+00
1.216746707663762805e+00,1.677938483794324309e+00
2.813517217369669865e+00,7.691356835660447810e-01
2.227459934604129277e+00,3.307142754282428321e+00
3.925167654387724525e-01,2.184633858532304185e+00
2.259882794248423643e+00,2.781822871777310358e+00
7.630492891219180507e-01,6.795433869157236906e-01
2.521941565616897751e+00,2.296984673233186225e+00
2.250492850345876761e+00,2.346448209496975856e+00
1.319975278421509302e+00,2.232253697161003636e+00
2.293072473298681135e+00,1.285648581973632076e+00
3.865774511144756787e+00,2.473832920911787525e+00
8.086965027973513909e-01,2.656553608633829722e+00
1.025318329772678450e+00,2.787084603742452149e+00
3.158595579007403842e+00,1.179317681648289540e+00
2.963376129244321699e+00,2.412780926936498371e+00
2.822060159994490114e+00,3.896792982653947135e+00
1.754611883997129418e+00,1.246263835642510420e+00
1.110485570374476705e+00,1.184189715034561718e+00
1.922898290585895786e+00,2.341151974816643833e+00
2.276690799330018944e+00,2.827183249036023582e+00
2.013001891877907124e+00,3.453534077157316862e+00
1.735343166762044032e+00,4.720169166589618825e+00
2.625667347765006099e+00,1.142842443583717449e+00
9.291075019388876921e-01,2.482472415243185182e+00
1.776537214674149157e+00,2.714000494092092097e+00
2.473237624573545013e+00,1.927171087343127143e+00
1.153206281931594912e+00,4.851527753141353649e-01
1.553485047932978924e+00,2.856398794323472323e+00
2.214093744130203767e+00,7.542612212880119849e-01
2.173180925851181833e+00,2.385317379728836951e+00
1.116142563798867116e+00,2.153725105945528018e+00
2.058208718446000063e+00,8.570297021693769057e-01
2.357787360348283290e+00,2.560784526368234282e+00
3.083051243175277012e+00,3.053802052034902736e+00
6.223306320429089489e-01,1.062174960084877107e+00
2.515035267208659775e+00,2.513785950912208911e+00
2.515047686306048025e+00,5.852731490654720758e+00
2.570890510693167208e+00,3.135565640180598912e+00
2.954001763493202315e+00,2.651391251305797780e+00
1.684730755359654442e+00,2.758969220493267649e+00
1.227174785462428197e+00,1.763181393259991125e+00
1.514636452170896597e+00,2.081874139386322486e+00
4.314658566673508666e+00,1.327348074082519425e-01
2.686260190374513357e+00,3.872841288103483492e-01
1.528068134210566420e+00,3.088950596967365847e+00
2.064280019095462659e+00,9.222552220706938808e-01
1.284696290740031888e+00,2.679597748934675838e+00
1.269633368282863328e+00,2.216458589581975058e+00
2.045571839903813860e+00,1.348399652394182802e+00
4.143944089325325209e+00,2.633919022318011116e+00
-2.514258665760715772e-02,2.186454314769427754e+00
1.338213535231612017e+00,2.852433334796224074e+00
1.207479261567299345e+00,1.885263558533101014e+00
2.504987278980457255e+00,2.865755194170121367e+00
7.997035929442237734e-01,1.665498764159051515e+00
1.525054688839043937e+00,1.346670767426288107e+00
3.765454240281096876e+00,2.404981710960955699e+00
7.391160456649548127e-01,2.917861947054776195e+00
4.122156197012633250e+00,3.032465260551147068e+00
4.806300340459865872e-01,1.515765927133748692e+00
3.266911149186622509e+00,1.292330534381219254e+00
2.443819428146228212e+00,2.774634053429336777e+00
1.073069528421917163e+00,1.940474643938199906e+00
-1.241267340069072578e+00,9.756123586657101665e-01
1.747431848606839644e+00,7.522168180351505029e-01
3.632411303931635249e+00,5.698586220393673241e-01
1.559955513303016295e+00,2.130740577286091231e+00
3.441273289066115737e+00,5.641378488205606168e-01
3.163163752154959596e+00,2.010233061019587097e+00
1.018491348952049069e+00,2.462103474263270808e+00
2.199059695573470030e+00,1.399783122841205429e+00
2.069802084990018720e+00,1.614686403138239745e+00
2.113517345251247903e+00,2.662130674521046458e+00
3.586016816145352060e+00,7.621845011731509523e-01
4.133033374656266190e+00,4.791220047749811251e-02
1.848214904964416760e+00,2.588317206484576527e+00
2.280991867735032486e+00,1.377300480179406206e+00
1.791877749642724726e+00,1.506999065341167121e+00
1.410635243055788468e+00,2.849602097021024516e+00
2.357015485965047397e+00,1.307090404739345679e+00
2.899599875433250595e+00,2.307299520876609389e+00
2.812862118838959979e+00,2.629628841923612015e+00
1.171004989077927716e+00,1.439818959803030429e+00
2.747293605123261706e+00,2.610370265433465065e+00
1.979098406035851854e+00,2.117327383308782007e+00
3.277664895788424904e+00,1.408428611164170174e+00
2.547097381170037700e+00,1.797807347566105829e+00
1.782318796772779823e+00,3.098776851987190106e+00
2.825416348988029736e+00,2.813509636000638636e+00
3.305478807154329068e+00,2.021003841632758924e+00
2.681952971294963906e+00,1.689733243406543961e+00
2.324166352488441945e+00,1.869856945632315526e+00
2.096995964992718342e+00,2.595157025436913401e+00
1.181779316766527366e+00,4.092387275685460679e+00
9.939826185002980097e-01,7.858113872122678423e-01
3.158110873500067584e+00,2.791662693962935649e+00
2.624119817052155135e+00,2.628345509264280011e+00
1.987753227153085334e+00,1.102745628514168352e+00
2.075804558193726557e+00,1.322838288487888203e+00
2.975119733417751267e+00,1.852942618497861460e+00
1.174502803207488455e+00,1.678614158347006668e+00
2.412931454275624166e+00,1.436275447196025290e+00
1.177779604433568661e+00,2.243687211491912414e+00
2.244966571108722775e+00,1.493056824628870238e+00
1.528961694381677283e+00,2.232049937357636349e+00
5.519156585026758766e-01,5.925362256234447678e-01
1.281555778747563989e+00,1.786552848288152751e+00
2.310907565598004698e+00,3.475356216949552213e+00
2.857659623202019272e+00,1.840061470036572944e+00
1.980983792097311236e+00,9.974706353621911603e-01
1.981486864007609983e+00,1.711341361079861567e+00
2.322718560338089322e+00,1.172769056447676927e+00
2.519346514241172397e+00,3.532738913002577696e+00
1.891239851543142336e+00,2.401711722098941237e+00
2.690143991711112292e+00,1.598779528114163684e+00
2.224092481810416633e+00,2.012592400781795021e+00
2.097676098548831636e+00,1.226990216144533630e+00
2.024510174258942641e+00,2.497998291245449920e+00
3.451143607795041923e+00,2.959270826085206973e+00
4.153182457511556791e+00,1.232652437111950494e+00
2.872320636720678166e+00,2.183342005738351688e+00
4.189802933217672276e+00,1.191701714644848531e+00
1.160278157819223832e+00,1.400607354555977846e+00
-1.238957243098068872e-01,1.474244978319239063e+00
1.240867338446302037e+00,2.150393786476207492e+00
2.341755975777159549e+00,3.876170839215886232e+00
2.950423838186050141e+00,1.423096344337596797e+00
1.101585328651641937e+00,2.491919171506505659e+00
6.797667929793578256e-01,3.831458765854353743e+00
3.179440120721286789e+00,1.530824347895295201e+00
2.868654709091225108e-01,3.353872374165412840e+00
1.885460154747382155e+00,3.237816311973461758e+00
4.055723412056329025e-01,1.400624977046227126e+00
2.005243699718183059e+00,2.046980593764741840e+00
1.549934528520756416e+00,2.622849932347498747e+00
9.323795706174056175e-01,1.857620514978706616e+00
2.120295631711898832e+00,2.514438834058748906e+00
2.711614878088889569e+00,8.753579081621307711e-01
4.658858292643777155e-01,3.277676821898508841e+00
2.332314011979591761e+00,1.251513463443446383e+00
3.551151975522523152e+00,2.115674634292858514e+00
3.179297184063826442e+00,2.067518481410108855e+00
4.060747924881987103e+00,3.755340842443204430e+00
1.751035851520926556e+00,2.971570950954355528e+00
2.645375949585147435e+00,3.368631557532348886e+00
1.035076539419895525e+00,2.686051459998439306e+00
3.058424486849587787e+00,2.412605135768857156e-01
8.167414873342249138e-01,-3.923217776010057278e-02
1.730593165555442292e+00,2.717542255795962092e+00
3.502357052096027878e+00,2.074094780419775130e+00
3.628615545571292067e+00,6.198985417851086144e-01
2.966175606448453461e-01,1.944452301103381187e+00
2.384065448939307164e+00,1.967305251905906882e+00
-6.744210003987660684e-02,1.910879960487211537e+00
6.955304994951467812e-01,2.669672548830038572e+00
2.366598246096848435e+00,1.060120213672644862e+00
1.486133082663306570e+00,9.407864781110484298e-01
1.937320902726828109e+00,2.955142320501238373e+00
1.014273953664456274e+00,2.504046515517844185e+00
1.469742381627559213e+00,1.207127167737655826e+00
1.892969640045442103e+00,9.647576775806259164e-01
1.446350694652817959e+00,8.021221074111515303e-01
3.964725132916389505e+00,2.035263551971728813e+00
1.300274492007414295e+00,2.213979910734221956e+00
1.887671950309170121e+00,1.779030400466776962e+00
2.614166700043424996e+00,2.757507710047304883e+00
1.469498852389472532e+00,1.424181759355319876e+00
1.724948302848356096e+00,-3.019211647355848349e-01
4.848089378014477369e-01,3.366874267444524449e+00
3.644967713501283679e+00,1.750963960443621570e+00
2.576556963055766314e+00,2.311250154543535995e+00
5.078880808455237705e+00,3.119574911434576769e+00
1.872082408519233354e+00,1.044459559399574244e+00
3.935536797424274980e-01,2.203463635867223047e+00
1.243649254715696539e+00,5.777462904023258350e-01
1.353427115757473320e+00,9.184519963856050406e-01
3.687141635072564760e+00,2.881639756949450515e+00
1.992027358683382543e+00,3.479944138890025851e+00
2.077368307647618373e+00,1.138715798671736223e+00
3.523124077269657484e+00,2.538910043684658557e+00
9.627538456735436068e-01,1.809661321916391730e+00
1.124381746615242816e+00,6.172002690356639398e-01
2.926177547531641387e+00,3.909416640470130488e+00
6.014324261808587924e-01,2.562969236690570973e+00
1.349357430878173059e+00,1.512874616235303948e+00
1.407606075761130837e+00,1.136009230320183860e+00
2.048521627944826839e+00,1.169049883588962224e+00
2.270456825779838983e+00,1.949761890550863130e+00
1.761051953133590198e+00,1.092436337958402115e+00
1.423228669431667370e+00,2.755391225825755797e+00
2.500917187624380755e+00,1.022444755201449063e+00
2.099332305429225887e+00,2.751387123371789034e+00
3.305947188786282354e-01,2.543360192379934936e+00
1.337376241054153425e+00,2.570598668593159442e+00
1.236740843457483141e+00,1.951178993354809599e-01
3.724575621168373374e-01,2.048084946661381966e+00
2.259722501721481702e+00,1.095683374895591422e+00
2.638592458777373917e+00,3.384799377310401258e-01
1.933920201352683499e+00,7.889838002375433312e-01
1.348163892197840941e+00,2.047398671316413843e+00
1.139586634716047708e+00,1.615444455770174592e+00
3.006292809214440531e+00,1.423108130476851141e+00
2.835692112065141934e+00,8.702931453423818908e-01
2.529804177915282892e+00,3.441568620657900368e+00
-4.716445001272893123e-01,1.203104744529523096e+00
2.577072127180540129e+00,1.796954613957007396e+00
2.371145873371308888e+00,1.396014813284179423e+00
2.086589787472899804e+00,1.844322764607920551e+00
3.167782061659807358e+00,2.254420843301212951e+00
2.337602662075202176e+00,1.588123033877532730e+00
1.512393775927506567e+00,1.567441812180379035e+00
2.394452142378296955e+00,1.579015519179737037e+00
2.289774856896412913e+00,4.075400798645438805e+00
2.871124703431692460e+00,1.673976467832158921e+00
3.201213922163944847e+00,1.591924626978448609e+00
-3.812453517785385770e-02,9.919136890825959174e-01
1.292080789741443247e-01,1.648486515958691445e+00
2.018418379189551803e+00,3.676437312275282920e+00
2.326927373764162699e+00,1.780899471191135675e+00
2.829405581183489282e+00,-2.111353090078851302e-01
2.235614558108566019e+00,2.770865193886966615e+00
5.214137542201584541e-01,3.143754043206929083e+00
2.338496407494414342e+00,1.584712086099198780e+00
2.632781866106284951e+00,4.270692857804395892e+00
2.181866255058495074e+00,2.248220586300336166e+00
1.540639100459755939e+00,1.150155630535208306e+00
2.830335816544245375e+00,1.143916174091132776e+00
2.071566237219392370e+00,1.522342553234883322e+00
2.478979825746391974e+00,2.333662105286948396e+00
3.037539944257899194e+00,1.489983601145252967e+00
1.730125064706628635e+00,1.021236284217692525e+00
1.555706739923888415e+00,2.377300493044852026e+00
2.756988616645351886e+00,1.077834675822374688e+00
2.869605920105660068e+00,3.355637858804950913e+00
2.413434903223700800e+00,3.876795812558065712e+00
1.226210800896426978e+00,7.553452966885829678e-01
2.212797510957213998e-01,3.496044311489183265e+00
2.654365656354057634e+00,1.944415329089544953e+00
2.279968626319820224e+00,8.745109527016234896e-01
4.445751979616826333e+00,2.129221181975227584e+00
2.109394794604892986e+00,2.725766623898691954e+00
2.481009231736713172e+00,2.223884024279131566e+00
1.209525544554688192e+00,2.471468357135995664e+00
3.882024496475033892e+00,3.345420046154977456e+00
3.593186626639397030e+00,1.488784323568814738e+00
1.010395179741419014e+00,1.874213079900351797e+00
2.055724912288694473e+00,3.094191518470948310e+00
3.075353702851806315e-01,3.529550319460613927e+00
1.841992101421010553e+00,1.573118930052579856e+00
9.878956247398325008e-01,3.451433281342306536e-01
2.823170583961914559e+00,2.073317967188403887e+00
7.100391002589461209e-01,7.049212279363838984e-01
1.664215300709871670e+00,3.669021525289393182e+00
1.740408648636395217e+00,4.968570468818938046e-01
1.754256935914055626e+00,1.727276430252329575e+00
-6.968866429415716546e-01,1.945705133482187765e+00
1.769065469791321954e+00,2.696206364813418244e+00
3.848956094945345185e+00,3.126565029547757391e+00
1.731111309445169333e+00,8.934740912583296613e-01
4.573359803249860356e+00,2.059218434014488341e+00
2.013929291912946340e+00,1.975874912889996615e+00
2.198084760767855084e+00,1.855639588076057445e+00
1.426337993119763725e+00,1.453141058759607862e+00
1.967246729784001502e+00,1.456575228866235028e+00
1.287154217322835636e+00,2.106430227691896917e+00
1.745022782579144671e+00,3.503992988582688817e+00
-6.509698083930119950e-01,3.091506851922461774e+00
3.246085192497629279e+00,-7.339023240814945837e-02
1.657312405919651344e+00,1.628559134004208486e+00
5.924883052821787732e-01,1.222183312409124589e+00
8.894241545341712296e-01,3.752270443423622481e+00
2.935678393147461041e+00,3.271555094994158530e+00
2.721672064043235029e+00,8.709482287827707836e-01
1.475479733720226339e+00,2.489374561227918115e+00
7.778721911080546114e-01,2.712998430172388176e+00
1.759674601841864972e+00,1.625179192450402432e+00
2.710959968203491499e+00,2.444263311486039925e+00
1.639033834180920080e+00,3.159329803364248068e+00
9.189366724001026832e-01,2.615935606944263636e+00
2.593101257968383866e+00,1.690453560686009826e+00
2.326133022242117931e+00,7.488864236146970388e-01
2.924027019206901112e+00,1.815097863557010971e+00
1.477276979480960595e+00,3.049009225836889492e+00
1.295656309457240862e+00,5.915387036364403439e-01
4.433708264760962692e-01,2.606009951345639841e+00
7.195706475037169092e-01,3.754794181984364876e+00
-8.192940788372204963e-02,3.696456368290037986e+00
2.211017467202618381e+00,1.903286888129607668e+00
1.455080913191050263e+00,2.399136114352070859e+00
1.962365297575151546e+00,3.103301882016521240e+00
2.114227648662039716e+00,2.150301761461877792e+00
1.636387787786144132e+00,1.943054376278932516e+00
2.307801768892059346e+00,2.898316073433744311e-01
6.518145778942869839e-01,2.743264094022714872e+00
2.170865438127941971e+00,1.816016663647320950e+00
2.018433933065393315e+00,2.347581705361671212e+00
1.460240319690638611e+00,1.221695274597687231e+00
2.195845255097681470e+00,1.021627222384967837e+00
2.408252755714471949e+00,2.974163957621596133e-01
3.029155637325643635e+00,2.472597482413043224e+00
2.256029734313875768e+00,2.982690983945513796e+00
3.665474444462576642e+00,3.014370065018130429e+00
1.591257686683547057e-01,7.204230332642984624e-01
1.375181422304321277e+00,2.026091050210833799e+00
2.517659020469122932e+00,1.274256186846534522e+00
2.186766764477078517e+00,1.244617067646677455e+00
1.388482197008051866e+00,5.933389031517777301e-01
1.076766753889095707e+00,6.483153943836663657e-01
1.024126747022667150e+00,3.053641796607839520e+00
1.050601111168056878e+00,4.632382064837390345e+00
2.493317900880889226e+00,2.184836123694873677e+00
1.141642219818786330e+00,2.700309879408991254e+00
1.424362173762226069e+00,2.122009814645361647e+00
4.560084538268794674e+00,1.903940100275350211e+00
3.149273326285675800e+00,1.296823574874112595e+00
1.965011509503038267e+00,3.770800635635509934e+00
1.373032942212232488e+00,3.812448557996928500e+00
2.707751935455475323e+00,1.437533224105732366e+00
2.632407739055520945e+00,2.972554449626729767e+00
2.621809962217196421e+00,4.297752801095435782e-01
1.272862824175131413e+00,1.752481364448495338e+00
1.925566570899953645e+00,2.620672097550678092e+00
2.177701000933253805e+00,6.646556412898987354e-01
2.380197851005963372e+00,2.610585745283823034e+00
2.559790447931039825e+00,3.080780725554621569e+00
2.833922154548904171e+00,2.459180079228436622e+00
1.929834288541353082e+00,3.390390664840086110e-01
2.429618219132585910e+00,2.207687687163111256e+00
2.271578837195373346e+00,7.232514241796905718e-01
9.189434595917376214e-01,3.053152853332903760e+00
1.960444846143345021e+00,2.681500697372624309e+00
2.028318376130461065e+00,2.029756139495745071e+00
-1.061716194024002302e+00,-2.516044728217373905e+00
-1.903879223059016690e+00,-2.462275288705042531e+00
-2.434496227432315418e+00,-2.309172123468639537e+00
-1.777866228366287160e+00,-2.478748621663477536e+00
-7.442438744264792128e-01,-2.894607302219503797e+00
-2.186871644161358930e+00,-2.439731058274174913e+00
-5.530221156462671317e-01,-1.803445223488425286e+00
-9.681554605313651418e-01,-3.485560373036971971e+00
-1.732949734130741160e+00,-1.110369204376562946e+00
-1.917716010724575870e+00,-9.345196249346487960e-01
-2.517288450100372277e+00,-5.906525598144201084e-01
2.988981236192502777e-01,-2.362838560439659119e+00
-2.445502521400771734e+00,-5.466155228822990875e-01
-4.204278542692876375e-01,-2.522860027153268181e+00
-2.420186817095857368e+00,-2.281784608860507380e+00
-3.344450511034277262e+00,-2.918651946484198234e+00
-3.004140766752067648e+00,-2.767797565104128665e+00
-2.034684887386781327e+00,-1.765785267463479302e+00
-4.494995071859231306e-01,-2.998354040738790971e+00
-1.015677601523416129e+00,-2.213988844225509123e+00
-2.049463709652433074e+00,-1.325180507833396248e+00
-3.122722021562298611e+00,-1.617590253815949453e+00
-1.833547791786943826e+00,-1.507548735991850908e+00
-1.710831356092181954e+00,4.553001399108942415e-01
-2.637739984251315839e+00,-2.530996955001817650e+00
-2.623140526424764474e+00,-2.555477119160254773e+00
-2.637387127306517698e+00,-8.109834688924482116e-01
-5.794957520101451376e-01,-2.570746293749476052e+00
-2.832355573104228696e+00,-1.528584443613596022e+00
-2.552223044280971465e+00,-1.367068182244489227e+00
-1.797076979148700238e+00,-3.515744114997231939e+00
-4.524947986699383584e-01,-2.041223269044782906e-01
-2.612788690484386223e+00,-2.387701559935984097e+00
-1.714134609275095089e+00,-1.665543210012975006e+00
-1.341455727327169445e+00,1.020453876634963564e-02
-2.176947227494049564e+00,-2.798297244538453743e+00
-3.379319228014526999e+00,-2.730930039941918963e+00
-2.033126972873797289e+00,-2.054421364822123230e-01
-2.517611299036171424e+00,-1.776212048361101470e+00
-2.016422896072751936e+00,-8.116067265519160134e-01
5.269324258736216571e-01,-2.530868772920320531e+00
-2.489439442518222023e+00,-9.558391229309279868e-01
-1.318108510373688702e+00,-1.532926742639664219e-01
-1.416071814674036089e+00,-2.359292090787059593e+00
-1.409345169307690604e+00,-8.912964194170922561e-01
-1.179517818802636064e+00,-1.492725968892702149e+00
-9.333253104108460985e-01,-8.307044095543272277e-01
-6.178410089624728485e-01,-1.351290112410357347e+00
-2.167118080316854378e+00,-1.853286313566677279e+00
-7.934910334916431829e-01,-2.816935670987235962e+00
-1.631326691127098716e+00,-2.393338812327360898e+00
-1.971255177065182496e+00,-7.215481373927012942e-01
-1.808900931980096605e+00,-1.953563451843851162e+00
-3.359856140979919026e+00,-1.253746433972779295e+00
-1.354515818858924581e+00,1.632547233054602032e-01
-2.307778234953000940e+00,-1.780849672336060951e+00
-1.750616316289244745e+00,-4.225467202365256192e-01
-2.095295532386951987e+00,-1.720978474229660771e+00
-1.392103490283460809e+00,-1.813390876843641975e+00
-2.446433614550528102e+00,-1.805910007101692472e+00
-9.263682501402279446e-01,-3.026515299411060234e+00
-1.867030325853124006e+00,-2.700120814939173108e+00
-8.049533710751575200e-01,-3.523186904783774942e+00
-2.558921847271588224e+00,-1.622788124935479193e+00
-4.344759707656595804e-01,-2.065750261072987648e+00
-2.555199526693198386e+00,-1.188429305594098651e-01
-3.448013900416244226e+00,-4.198805956620081936e+00
-1.559985549946667494e+00,-2.502054224352611378e+00
-3.021232817130713233e+00,-1.291643552700646680e+00
-1.756199286228801171e+00,-2.564078630736728481e+00
-3.280304398670894628e+00,-1.127542671719855338e+00
-1.349798822041339053e+00,-2.099175863779382922e+00
-1.533630039523341537e-01,-3.070084766326152348e+00
-3.525525170924738827e+00,-2.691908069881244536e+00
-2.045586016355497971e+00,-1.756660550677308086e+00
-2.241236057856329733e+00,-1.647944603485703263e+00
-3.251539424190443839e+00,-5.562353959267405390e-01
-2.082151178392568802e+00,-8.827041684118723808e-01
-1.657274653622295979e+00,-1.543246780846216026e+00
-1.430232719767796201e+00,-1.552291439982685040e+00
-1.357277240132455987e+00,-6.708474698675686021e-01
-1.803478830298529845e+00,-1.290996242411487582e+00
-2.089735694287226941e+00,-5.598827845505272016e-01
-2.676392302059269923e+00,-1.990595670891843749e-01
-2.040157950644343465e+00,-3.430775102118047926e+00
-1.871895585089210723e+00,-2.681051657474880834e+00
-1.159356451011275935e+00,-2.652623979302390911e+00
-2.446183433214779601e+00,-3.889540730945530989e+00
-2.452306319249076605e+00,-4.423879326628956221e+00
-3.583902823485723310e+00,-1.239585343855702515e+00
-1.214199841349167919e+00,-1.574542438215035256e+00
-2.966976143129213206e+00,-2.047711356141979966e+00
-2.003602539090568513e+00,-3.158364689192542762e+00
-4.966016982328493867e-01,-1.122637709424328722e+00
-2.220964173829663935e+00,-1.973114161005469214e+00
-1.791617192052447516e+00,-4.041734868424290639e+00
-2.247177382520596733e+00,-2.681984247997798665e+00
-3.001620009894915508e+00,-2.281100292885954950e+00
-2.023134731504774297e-01,-1.359157138732990155e+00
-2.571178989782796798e+00,-1.427417218643841412e+00
-6.006445634139978562e-01,-1.075366317087231183e+00
-1.940369630079825880e+00,-2.646936777705573896e+00
-1.301776686386410198e+00,-1.606514614578250288e+00
-1.104806779972267616e+00,-1.364828198318030594e+00
-9.504472846806648612e-01,-2.535235211560567858e+00
-6.826059343656742939e-01,-1.802400395307600434e+00
7.526087262526548471e-02,-2.689187818089568083e+00
-2.640361968347506583e-01,-1.802089216537352101e+00
-2.651418003614448349e+00,-2.483885834054321506e+00
-2.320347308194320224e+00,-1.575834053598083706e+00
-1.477164511964500271e+00,-2.573700003938578895e+00
-2.024354592260982688e+00,1.422703586118636565e-01
-2.724568298992886550e-01,-1.563676330325967978e+00
-1.961996521831799623e+00,-1.879968673281738667e+00
-1.386482027269583472e+00,-3.022792565198405335e+00
-2.257376537423345209e+00,-3.668584073877589447e+00
-1.600776877394720632e+00,-1.352804060297259081e+00
-2.483186462299373787e+00,-4.260132367099671580e-01
-3.225765663002341022e+00,-3.464374880209819985e+00
-1.775548181440028017e+00,-9.529016973878454699e-01
-3.160723085421313083e-01,-2.458884262868940240e+00
-9.213191665687043841e-01,-2.038508469500707410e+00
-2.172627299940819601e+00,-1.116340062513327513e+00
-1.347677121586580373e+00,-3.576392156984249393e+00
-5.234596502741042379e-01,-6.199086458525484566e-01
-2.625562701509529528e+00,-1.604196466562590961e+00
-1.505969813717261241e+00,-1.739326234176092889e+00
-2.550305153845420225e+00,-2.671623367938051441e+00
-2.025554070991445244e+00,-8.272709807406353200e-01
-1.456399845405567550e+00,-2.370614332086105946e+00
-1.228301289351655168e+00,-4.848542620630075461e+00
-8.512342996278965401e-01,-3.739713778778099851e+00
-2.362440941403132211e+00,-3.119669894626143858e+00
-3.294681475720905972e+00,-8.391732126214805909e-01
-2.467701201311891523e+00,-1.653496118269284221e+00
-2.046920578879184216e+00,-1.522959172776878534e+00
-1.923178108939744613e+00,-3.282992224188569619e+00
-1.003733180552859983e+00,-2.493756583161312435e+00
-3.556581898659751051e+00,-2.428115160965912622e+00
-4.992402093656891360e-01,-1.149778257886507227e+00
-2.348652134407859027e+00,-2.349257704318428619e+00
-2.321635051217382451e+00,7.674798356084089335e-02
-1.618064547768446548e+00,-1.569958352808930258e+00
-9.697165459681578170e-01,-1.761210840973486569e+00
-2.259042145820703062e+00,-2.196349849084978434e+00
-2.071601259414063811e+00,-2.037222236509841800e+00
-1.272370456363020264e+00,-1.948054114192700581e+00
-1.267359922784420778e+00,-2.080716580108582292e+00
-1.921364809683909325e+00,-3.998200684532107640e+00
-1.083672325297518668e+00,-1.653511524102007302e+00
-1.001989890140347672e+00,-4.896255378193689722e+00
8.837470478072750879e-02,-2.139589628155173617e+00
-8.918171832624834927e-01,-3.039905927125531093e+00
-1.387226094937430432e+00,-3.053415563173656366e+00
-2.623768960695805230e+00,-8.596864613321386628e-02
-2.190682400763346749e+00,-1.782567126820277181e+00
-1.129932269311245907e+00,-1.504318112027395404e+00
-1.849581094856423524e+00,-1.635038997533774463e+00
4.034155852382750318e-01,-2.057618797033585523e+00
-1.798900953285032411e+00,-9.493456039923879874e-01
-8.944740670420161521e-01,-8.129696944396198610e-01
-1.361269777970815387e+00,-3.143004912730483547e+00
-3.665684676989040547e-01,-3.146345393018687986e+00
-1.697364534760966714e+00,-2.754275850019357819e+00
-2.064138346592992335e+00,-1.671237589696519699e+00
-1.678642784549726930e+00,-1.578079245764715255e+00
-3.862887309413529646e-01,-1.546465698486020113e+00
-2.244156635290648794e+00,-1.035912831711642834e+00
-8.105295110753594212e-01,-3.227607815136992464e+00
-1.402599930150141949e+00,-1.298827257689101788e+00
-2.297563503359992154e+00,-6.242931866883805192e-01
-2.150055587032526638e+00,-1.874423546528457774e+00
-2.173071824283869802e+00,-1.984420952418532558e+00
-3.096275086895201589e+00,-3.440050882594294368e+00
-4.054949367750277922e-01,-2.846961348318327811e+00
-2.991392349456307276e+00,-4.153390113603714795e+00
-2.638961747689502424e+00,-3.323089793407498327e+00
-3.579848398636309437e-01,-9.901829106573658557e-01
-2.688150345177723999e+00,2.524358053443087613e-01
-1.018234513008405617e+00,-2.324831383508622284e+00
-4.499405714873573103e+00,2.909425725907417437e-01
-3.389572466763596026e+00,-3.645398746956892033e+00
-9.774295679903597378e-01,4.397524063392728166e-01
-6.157271814894818007e-01,-1.436090879947640397e+00
-1.405245658334714154e+00,-1.146584441219692163e+00
-1.241071410213234749e+00,-1.718808576030624202e+00
-1.895798896048124016e+00,-2.062593127899522205e+00
-2.753964588866676166e+00,-2.280675076866773843e+00
-3.692956814195385462e+00,-2.098339626794750057e+00
-2.988591107150917470e+00,-3.103589317215770915e+00
-1.820105848846521601e+00,-6.079977136554006734e-01
-1.081683393997686871e+00,-3.570500603623177227e+00
-2.989628136570337436e+00,-1.059228812011784093e+00
-2.982487393538309384e+00,-2.224633149997024439e+00
-1.449947900975448123e+00,-2.968344454863635296e+00
-1.894624493854040193e+00,-3.334025494918204657e+00
-2.601367643951213893e+00,-1.680218065857463028e+00
-3.592993733531669065e+00,-1.559525262039600957e+00
-2.019637798926681160e+00,-1.447510045582852234e+00
-1.776085865935338681e+00,-6.358595700261557848e-01
-1.874775497352092701e+00,-2.429405541125253087e+00
-1.877702496967716295e+00,-1.456701970963611981e+00
-1.951139929674295725e+00,-1.959408308796117604e+00
-2.701991687806755138e+00,-2.662900917550948154e+00
-3.402605271799693298e+00,-2.504232568130606573e-01
-3.243863235391285293e+00,-2.692905197795907313e+00
-2.718407265569197317e+00,-1.105075623055558731e+00
-2.294949678292027784e+00,-7.522579273262661737e-01
-2.673490624243868297e+00,-1.721005837776198089e+00
-2.835347053259757111e+00,1.451491277733882868e-01
-3.187598419029512797e+00,-1.690179289772972382e+00
-1.366223119067901504e+00,-1.586200902548501768e+00
-2.185287658877708150e+00,-2.129820699733426359e+00
-1.956188528020890383e+00,-2.147002001628488532e+00
-1.036120883205090326e+00,2.105230015913512887e-01
-2.557491785007833585e+00,-3.369802979579077817e+00
-2.088282048351254971e+00,5.797093376543185350e-01
-2.803674567969730802e+00,-3.608831945559325405e-01
-3.222991859235593282e-01,-2.553588241707994477e+00
-1.431016920814724536e+00,-3.716033768714619434e-01
-2.379127740987486916e+00,-2.203580360102361801e+00
-2.581680913948643852e+00,-3.014756730692866871e+00
-2.649277545066007100e+00,-3.223940266762256535e+00
-1.965916531740773854e+00,-2.769973231058641794e+00
-1.766214088209252298e+00,-3.555895646203627081e+00
-1.669119767785542940e+00,-1.166471038391075243e+00
-3.993735642571455635e+00,-1.625943430152427815e+00
-7.723310075267078023e-01,-3.209641018691205439e+00
-3.274276131622966268e-01,-1.580980990633954697e+00
-2.705011855758408856e+00,-2.055769077657706223e+00
-1.441673087478277715e+00,-1.923994608587588528e+00
-1.461244007553630819e+00,-2.920673593079366359e+00
-1.830639175963922005e+00,-3.413714496904979967e+00
-2.111226061348700167e+00,-2.903907641464789968e+00
-2.735529942589766783e+00,-7.639068247895626218e-01
-9.086898794057309825e-01,-1.390861879092823106e+00
-3.092312764672579206e+00,-2.316408449694801863e+00
-7.869023000208166252e-01,-1.858283086360095204e+00
3.193295399816942215e-01,-1.606682160605628074e+00
-1.807950883509968465e+00,-2.309116464202501273e+00
-1.866459095217717579e+00,-2.152469836380543899e+00
-1.291891323311409545e+00,-1.043297683205415938e+00
-2.785989460507949378e+00,-3.331232953557778043e+00
-3.836205373103296346e+00,-1.492008673087456216e+00
-3.103366606173873610e+00,-4.152890592952482862e+00
-1.611421395469035955e+00,4.929995174327905794e-01
-2.006070911539893142e+00,-1.161509225548358115e+00
-1.918170641452435099e+00,-2.098889653191142735e+00
-1.080923517012231549e+00,-2.290274544188651173e+00
-1.732607685928096997e+00,-1.678302193803986375e+00
-2.668090453643048754e+00,-1.007957650463477073e+00
-2.174959756695408863e+00,-2.755745159492844820e+00
-1.463490156429596567e+00,-2.898467981791037040e+00
-1.971818842630871815e+00,-2.009118996644203570e+00
-9.141044341684219088e-01,-1.525301767120047280e+00
-2.025026958745143713e+00,-1.182233700799713016e+00
-6.097924509826866402e-01,-1.442189693648137760e+00
-1.989647380156619461e+00,-3.311836232350159559e+00
-3.065113663075372585e+00,-2.305224704354667864e+00
-2.609512202159283145e+00,-2.186971302985445842e+00
-1.943350075102892927e+00,-1.470307245643269312e+00
-2.070498778059091105e+00,-1.513498356173798021e+00
-1.935525585189879827e+00,-3.975466566353871301e+00
-2.939335393818754305e+00,-2.144087555721615246e+00
-3.209694742841107562e+00,-1.400071270003795387e+00
-4.692491676563026459e-01,-7.812381483026833440e-01
-2.213442870930208084e+00,-5.092738631500479674e-01
-1.851332542797888392e+00,-2.337085971118039396e+00
-2.613402663540939752e+00,-2.302469686488128442e+00
-2.388176818541228652e+00,-1.829583777624512297e+00
-1.839426018950135466e+00,-1.996953979846585625e+00
-1.563061830253650086e+00,-8.093537252136586702e-01
-1.050445864558676279e+00,-3.484897968449903516e+00
-4.553921134901955270e+00,-1.065680088760726285e+00
-3.366878698415421312e+00,-2.224765401892683681e+00
-3.170113026059359740e+00,-3.801980437580019689e+00
-1.458537271795211865e+00,-1.240844839697353041e+00
-2.576510400726719219e+00,-4.591042292144909887e+00
-2.546244448252482862e+00,-1.608195994597453549e+00
-3.478911568774128771e+00,-1.816640080220844444e+00
-2.015309849172995715e+00,-1.420708500398911500e+00
-1.880419631585846796e+00,-2.973068940881555378e+00
-8.034284983355086673e-01,-2.158529573026970017e+00
-2.027304539509931836e+00,-2.933267959073195819e+00
-2.443282251191510213e+00,-2.884802714026900805e+00
-2.172946059923423157e+00,-2.882915198576565530e-01
-3.371901142931356343e+00,-3.613561397876741133e+00
-5.288296725063914572e-01,-2.209323677151866061e+00
-2.669072738659916677e+00,-9.600953126039235563e-01
-2.605615539736864328e+00,-1.739902864530638027e-01
-1.322074128660730929e+00,-2.487911408145702552e+00
1.573082132655034826e-01,-2.605714923003338512e+00
-1.257904627990693136e+00,-1.700707419593508130e+00
-6.982587106012019262e-01,-4.384888032731473206e-01
-1.967995850934233459e+00,-2.753417870346183349e+00
-1.540027857060883631e+00,-2.677715369752106334e+00
1.338724752662301398e-02,-1.863464668917262479e+00
-2.365321551312108639e+00,-1.815319694135091533e+00
-3.347126289529696486e+00,-2.971614038510651312e+00
-7.995860920555746265e-01,-2.656894278971395629e+00
-3.046910982681939828e+00,-1.463347247472713830e+00
-8.142958453370030547e-01,-1.281046689334933264e+00
-1.003952314194183515e+00,-2.756795088569460539e+00
-3.421810666741843754e+00,-4.986663480445132635e-01
-2.322679838842135691e+00,-2.250833016455047186e+00
-6.718058581509420701e-01,-1.443769990599339970e+00
-1.544112227918392310e+00,1.650023449010840082e-01
-2.643518230380142775e+00,-1.072159871918762830e+00
-1.942986875102915567e+00,-1.731407721136743127e+00
-4.715315735874683334e-01,-1.492164243710376148e+00
-1.461703920950367053e+00,-9.274926626901978111e-01
-2.364952729542885379e+00,-2.839209667339006593e+00
-3.044809194021033782e+00,-3.966356589376001551e+00
5.620712994032217580e-02,-3.103208365721683126e+00
-2.221253623585771830e+00,-2.276813299888920561e+00
-1.692593302190899207e+00,-1.184262787460703237e+00
-1.139526511640254647e+00,-2.583077438568938344e+00
-2.167121713786411608e+00,-1.717420049511700242e+00
-2.248691126183547162e+00,-3.926544239800073832e-01
-1.509025048361748667e+00,-1.265122213950182539e+00
-1.337118731332587185e+00,-8.265261425146750440e-01
-1.818978441296293047e+00,-3.296831947955846331e+00
-1.600312048247358288e+00,-2.651356893791828817e+00
-2.528616681749756623e+00,-1.413635981244906858e+00
-7.617169285663643041e-01,-1.978728423263938385e+00
-1.691166987401036215e+00,-2.977850553647620746e-01
-1.759246820511431775e+00,6.016831141803948846e-01
-1.434490354368455733e+00,-3.760762759155817925e+00
-1.246658378895467489e+00,-1.618841615117222243e+00
-7.102472459172544106e-01,-1.326818648730041517e+00
-2.138455983983774011e+00,-3.224298236289365960e+00
-2.209023257286025110e+00,-2.850520454209299892e+00
-2.580523449804722702e+00,-1.411421595579390509e+00
-3.300954956485937508e-01,-1.605328470177018962e+00
-3.195883062035184352e+00,-1.555397331779859282e+00
-8.033685133543488899e-01,-2.609782904319382091e+00
-2.134017166672917742e+00,-1.985311805270802976e+00
-2.784898313082240229e+00,-1.351719566156140973e+00
-2.120948148607781469e+00,-1.580467556092972181e+00
-2.887492177802100102e+00,-2.437458300323410487e+00
-1.277618642172228647e+00,-2.372833152091767150e+00
-2.730361487665948772e-01,-2.399636185614602457e+00
-1.775315274248113973e+00,-1.067409168126910224e+00
-3.418365732933031698e+00,-3.760808811980775879e+00
-3.525656314570094985e+00,-7.374158965728179194e-01
-2.551858145892446750e+00,5.581992856682522763e-01
-2.564247598657388494e+00,-1.815448696802963058e+00
-4.578900474321243586e-01,6.092888159122900049e-03
6.150357663639782757e-02,-7.916337694068575903e-01
-9.759374741885376014e-01,-1.407473050798816905e+00
-1.221638923833362256e+00,-2.551185716328533637e+00
-2.818198883422307066e+00,-2.003374457410952214e+00
-2.170184622524928386e+00,-2.453228049327275340e+00
-1.303612552543284675e+00,-1.044694791429489289e+00
-1.911593113708152547e+00,-5.224699189447381542e-01
-3.141689114133504823e+00,-2.193659459279718060e+00
-2.716822320602804819e+00,-3.866536617073060178e+00
-2.082680685842699386e+00,-2.121747508383283520e+00
-4.865502567578690041e-01,-1.369188315445222459e+00
-3.024186824329205159e+00,-1.459074336658117144e-01
-7.789663044746470977e-01,-1.417902296531384110e+00
-2.226484098849832005e+00,-2.959439236723479638e+00
-2.372206776071053014e+00,-9.112513802958139841e-01
-1.154136940653909260e-01,-4.567564717278109754e-01
-2.488849421786273997e+00,-3.119617433289011199e+00
-1.859113753088796006e+00,-3.768439365562851862e+00
-1.676832285815218482e+00,-2.147602586298668736e+00
-2.466036501868242414e+00,-3.594703067266795671e+00
-1.486399893430283559e+00,-2.532700839661911285e+00
-3.169916835710288261e+00,-4.872262213281649323e+00
-2.027514905050636251e+00,-2.277484033302559219e-01
-3.387407854521300443e-01,-2.457096256586271732e+00
-2.602212060361780654e+00,-1.531225743924976346e+00
-2.998385439188291368e+00,-1.698208100180534030e+00
-1.233919721615309717e+00,-7.730667761156924112e-01
-2.100154076479952892e+00,-2.203673750176966095e+00
-2.877982586756560934e+00,-2.826880354039860155e+00
-2.226478891901526591e+00,-1.632634493183821922e+00
-1.086415373766750569e+00,-2.803178950680345061e+00
-5.073114310404782668e-01,-2.271123601042568829e+00
-2.021367294348435983e+00,-2.747211679147823382e+00
-4.424240260272942038e+00,-1.115954603638950271e+00
-1.263156102907566636e+00,-2.281327557118213445e+00
-1.933009282775128179e+00,-1.484060782295900438e+00
-3.562545856886542683e+00,-2.529052677346294686e+00
-1.205735320378172881e+00,-3.254289423169249407e+00
-1.706442067833370713e+00,-3.356581804623405052e+00
-1.533570017566473709e+00,-2.035641482297483762e+00
-3.615131815905509249e+00,-8.352606455428286392e-01
-2.734591576798049317e+00,-2.810252437014380877e+00
-1.799430802769057092e+00,-8.513626505712847958e-01
-3.015821818978396962e+00,-1.938320150152028409e+00
-1.571183499669427164e+00,-1.306894392736855925e+00
-1.823558444722774841e+00,-2.367027839083322149e+00
-2.827590220648719566e+00,-1.913856116953625230e+00
-3.072139011985607127e+00,-4.921350483494607353e+00
-1.563440195842332070e+00,-1.096065158913804627e+00
-4.362932435541837961e+00,-3.009730704709937754e+00
-1.380845738994802119e+00,5.749546971169872123e-02
-1.979206292324592109e+00,-2.728002941229134670e+00
